3141
5926
5358
9793
2384
6264
3383
2795
288
4197
1693
9937
5105
8209
7494
4592
3078
1640
6286
2089
9862
8034
8253
4211
7067
9821
4808
6513
2823
664
7093
8446
955
582
2317
2535
9408
1284
8111
7450
2841
270
1938
5211
555
9644
6229
4895
4930
3819
6442
8810
9756
6593
3446
1284
7564
8233
7867
8316
5271
2019
914
5648
5669
2346
348
6104
5432
6648
2133
9360
7260
2491
4127
3724
5870
660
6315
5881
7488
1520
9209
6282
9254
917
1536
4367
8925
9036
11
3305
3054
8820
4665
2138
4146
9519
4151
1609
4330
5727
365
7595
9195
3092
1861
1738
1932
6117
9310
5118
5480
7446
2379
9627
4956
7351
8857
5272
4891
2279
3818
3011
9491
2983
3673
3624
4065
6643
860
2139
4946
3952
2473
7190
7021
7986
943
7027
7053
9217
1762
9317
6752
3846
7481
8467
6694
513
2000
5681
2714
5263
5608
2778
5771
3427
5778
9609
1736
3717
8721
4684
4090
1224
9534
3014
6549
5853
7105
792
2796
8925
8923
5420
1995
6112
1290
2196
864
344
1815
9813
6297
7477
1309
9605
1870
7211
3499
9999
8372
9780
4995
1059
7317
3281
6096
3185
9502
4459
4553
4690
8302
6425
2230
8253
3446
8503
5261
9311
8817
1010
31
3783
8752
8865
8753
3208
3814
2061
7177
6691
4730
3598
2534
9042
8755
4687
3115
9562
8638
8235
3787
5937
5195
7781
8577
8053
2171
2268
661
3001
9278
7661
1195
9092
1642
198
9380
9525
7201
654
8586
3278
8659
3615
3381
8279
6823
301
9520
3530
1852
9689
9577
3622
5994
1389
1249
7217
7528
3479
1315
1557
4857
2424
5415
695
9508
2953
3116
8617
2785
5889
750
9838
1754
6374
6493
9319
2550
6040
927
7016
7113
9009
8488
2401
2858
3616
356
3707
6601
471
181
9429
5559
6198
9467
6783
7449
4482
5537
9774
7268
4710
4047
5346
4620
8046
6842
5906
9491
2933
1367
7028
9891
5210
4752
1620
5696
6024
580
3815
193
5112
5338
2430
355
8764
247
4964
7326
3914
1992
7260
4269
9227
9678
2354
7816
3600
9341
7216
4121
9924
5863
1503
286
1829
7455
5706
7498
3850
5494
5885
8692
6995
6909
2721
797
5093
295
5321
1653
4498
7202
7559
6023
6480
6654
9911
9881
8347
9775
3566
3698
742
6542
5278
6255
1818
4175
7467
2890
9777
7279
3800
816
4706
16
1452
4919
2173
2172
1477
2350
1414
4197
3568
5481
6136
1157
3525
5213
3475
7418
4946
8438
5233
2390
7394
1433
3454
7762
4168
6251
8983
5694
8556
2099
2192
2218
4272
5502
5425
6887
6717
9049
4601
6534
6680
4988
6272
3279
1786
857
8438
3827
9679
7668
1454
1009
5388
3786
3609
5068
64
2251
2520
5117
3929
8489
6084
1284
8862
6945
6042
4196
5285
222
1066
1186
3067
4427
8622
391
9494
5047
1237
1378
6960
9563
6437
1917
2874
6776
4657
5739
6241
3890
8658
3264
5995
8133
9047
8027
5900
9946
5764
789
5126
9468
3983
5259
5709
8258
2262
522
4894
772
6719
4782
6848
2601
4769
9090
2640
1363
9443
7455
3050
6820
3496
2524
5174
9399
6514
3142
9809
1906
5925
937
2216
9646
1515
7098
5838
7410
5978
8595
9772
9754
9893
161
7539
2846
8138
2686
8386
8942
7741
5599
1855
9252
4595
3959
4310
4997
2524
6808
4598
7273
6446
9584
8653
8367
3622
2626
991
2460
8051
2438
8439
451
2441
3654
9762
7807
9771
5691
4359
9770
129
6160
8944
1694
8685
5584
8406
3534
2207
2225
8284
8864
8158
4560
2850
6016
8427
3945
2267
4676
7889
5252
1385
2254
9954
6667
2782
3986
4565
9611
6354
8862
3057
7456
4980
3559
3634
5681
7432
4112
5150
7606
9479
4510
9659
6094
252
2887
9710
8931
4566
9136
8672
2874
8940
5601
150
3308
6179
2868
920
8747
6091
7824
9385
8900
9714
9096
7598
5261
3655
4978
1893
1297
8482
1682
9989
4872
2658
8048
5756
4014
2704
7755
5132
3796
4145
1523
7462
3436
4542
8584
4479
5265
8678
2105
1141
3547
3573
9523
1134
2716
6102
1359
6953
6231
4429
5248
4937
1871
1014
5765
4035
9027
9934
4037
4200
7310
5785
3906
2198
3874
4780
8478
4896
8332
1445
7138
6875
1943
5064
3021
8453
1910
4848
1005
3706
1468
674
9192
7819
1197
9399
5206
1419
6634
2875
4440
6437
4512
3718
1921
7999
8391
159
1956
1814
6751
4269
1239
7489
4090
7186
4942
3196
1567
9452
809
5146
5502
2523
1603
8819
3014
2093
7621
3785
5956
6389
3778
7083
390
6979
2077
3467
2218
2562
5996
6150
1421
5030
6803
8447
7345
4920
2605
4146
6592
5201
4974
4285
732
5186
6600
2132
4340
8819
710
4863
3173
4649
6514
5390
5796
2685
6100
5508
1066
5879
6998
1635
7473
6384
525
7145
9102
8970
6414
110
9712
628
439
397
5951
5677
1577
42
337
8699
3600
7230
5587
6317
6359
4218
7312
5147
1205
3292
8191
8261
8612
5867
3215
7919
8414
8488
2916
4470
6095
7527
695
7220
9175
6711
6722
9109
8169
915
2801
7350
6712
7485
8322
2871
8352
935
3965
7251
2108
3579
1513
6988
2091
4442
1006
7510
3346
7110
3141
2671
1136
9908
6585
1639
8315
197
165
1511
6851
7143
7657
6183
5155
6508
8490
9989
8599
8238
7345
5283
3163
5507
6479
1853
5893
2261
8548
9632
1329
3308
9857
642
467
5259
709
1548
1416
5498
5946
1637
1802
7098
1994
3099
2448
8957
5712
8289
592
3233
2609
7299
7120
8443
3573
2654
8938
2391
1932
5974
6366
7305
8360
4142
8138
8303
2038
2490
3758
9852
4374
4170
2913
2765
6180
9377
3444
307
746
9211
2019
1302
330
3801
9762
1101
1004
4929
3215
1608
4244
4859
6376
6983
8952
2868
4783
1235
5265
8213
1449
5768
5726
2433
4418
9303
9686
4262
4341
773
2269
7802
8073
1891
5441
1010
4468
2325
2716
2010
5265
2272
1116
6039
6665
5730
9254
7110
5578
5376
3466
8206
5310
9896
5269
1862
564
7693
1257
586
3566
2018
5581
72
9360
6598
7648
6117
9104
5334
8850
3461
1365
7686
7532
4944
1668
396
2657
9787
7185
5608
4552
9654
1266
5408
5306
1434
4431
8586
7697
5145
6614
680
700
2378
7765
9134
4017
1274
9470
4205
6223
538
9945
6131
4071
1270
40
7854
7332
6993
9081
4546
6464
5880
7972
7082
6683
634
3285
8785
6983
523
5808
9330
6575
7406
7954
5716
3775
2542
211
4955
7615
8140
250
1262
2859
4130
2164
7155
979
2592
3099
796
5473
7612
5517
6567
5135
7517
8296
6645
4779
1745
112
9961
4890
3046
3994
7132
9621
734
437
5189
5735
9614
5890
1938
9713
1117
9042
9782
8564
7503
2031
9869
1514
287
808
5990
4801
941
2147
2213
1794
7647
7726
2241
4254
8545
4033
2157
1853
614
2288
1375
8504
3063
3217
5182
9798
6622
3717
2159
1607
7166
9254
7487
3898
6654
9494
5011
4654
628
4336
6393
7900
3976
9265
6721
4638
5306
7360
9657
1209
1807
6383
2716
6416
2748
8880
786
9256
290
2284
7210
4031
7211
8608
2041
9000
4229
6617
1196
3779
2133
7575
1149
5950
1566
496
3186
2947
2654
7364
2523
817
7036
7515
9067
3502
3507
2835
4056
7040
3867
4351
3622
2247
7158
9150
4953
984
4489
3330
9634
878
769
3259
9397
8054
1934
1447
3774
4184
2631
2986
809
9888
6874
1326
472
1569
5162
3965
8645
7302
1631
5981
9319
5167
3538
1297
4167
7294
7867
2422
9246
5436
6800
9806
7692
8238
2806
8996
4004
8243
5403
7014
1631
4965
8979
4092
4323
7896
9070
6977
9422
3625
822
1688
9573
8379
8623
15
9377
6471
6512
2893
5786
158
8161
7557
8297
3523
3446
428
1512
6272
373
4314
6531
9777
7416
319
9066
5541
8763
9792
9334
4195
2154
1341
8994
8544
4734
5673
8316
2499
3419
1318
1480
9277
7710
3863
8773
4317
7207
5456
5453
2207
7709
2120
1905
1660
9628
490
9263
6019
7598
8281
6133
2316
6636
5286
1932
6686
3360
6273
5676
3035
4477
6280
3504
5077
7235
5471
585
9548
7027
9081
4356
2401
4517
1806
2464
3626
7945
6127
5318
1340
7833
336
2542
3278
3944
9753
8243
7205
8353
1147
7119
9260
6381
3346
7768
7969
5970
3098
3391
3077
1098
7040
8591
3374
6414
4282
2772
6346
5947
474
5878
4778
7201
9277
1528
731
7679
770
7157
2134
4473
605
7007
3349
2436
9311
3835
493
1631
2840
4251
2192
5651
7980
6941
1352
8013
1470
1304
7816
4378
8518
5290
9285
4520
1165
8393
4196
5621
3491
4341
5956
2586
5865
5705
5269
496
5209
8580
3385
722
4264
8293
9728
5847
8316
3057
7775
6068
8876
4462
4824
6857
9260
3953
5277
3480
3048
290
587
6075
8251
474
7091
6439
6136
2676
449
2562
7420
4208
3208
5661
1906
2545
4337
2131
5359
5845
687
7246
290
1618
7667
9524
616
3425
2257
7195
4291
6299
1930
6455
3779
9140
3734
432
8752
6288
8963
9958
7947
5729
1746
4263
5745
5254
790
9145
1357
1113
6941
911
9393
2519
1076
208
2520
2618
7985
3188
7705
8429
7259
1677
8131
4969
9009
192
1169
7173
7278
4768
4726
8608
4900
3377
242
4291
6513
50
516
8323
3643
5038
9517
298
9392
2334
5172
2013
8128
696
5011
7844
874
5196
121
2285
9937
1623
1301
7114
4484
6409
389
644
9544
4006
1986
9075
4851
6026
3275
529
8349
1874
786
6808
8183
3851
228
3345
850
4860
8250
3930
2133
2197
1551
8430
6354
5500
7668
2829
4930
4137
7655
2793
9751
7546
1395
3984
6833
9363
8304
7461
1996
6538
5815
3842
568
5338
6218
6725
2334
283
871
1232
8278
9212
5077
1262
9463
2295
6398
9898
9358
2116
7456
2701
218
3564
6220
1349
6715
1881
9097
3038
1198
49
7340
7239
6103
6854
664
3193
9509
7901
9069
9639
5524
5300
5450
5806
8550
1956
7302
2921
9139
3391
8568
344
9039
8205
9551
22
6353
5361
9204
1994
7455
3859
3810
2343
9554
4959
7783
7790
2374
2161
7271
1172
3643
4354
3947
8221
8185
2862
4085
1400
6660
4433
2588
8569
8670
5431
5470
6965
7474
5855
332
3233
4210
7301
5459
4051
6553
7906
8662
7333
7995
8511
5625
7843
2298
8273
7231
9898
7571
4159
5781
1196
3583
3005
9408
7306
8121
6028
7649
6286
7446
477
4649
1599
5054
9737
4256
2690
1049
377
8198
6835
9381
4657
4126
8049
2564
8798
5561
4537
2347
8673
3039
468
8383
4363
4655
3794
9864
1927
563
8729
3174
8723
3208
3760
1123
299
1136
7938
6270
8943
8799
3620
1629
5154
1337
1424
8928
3072
2012
6901
4754
6684
7653
5761
6477
3794
6752
49
757
1555
2781
9653
6213
2392
6406
1601
3635
8155
9074
2202
203
1872
7760
5277
2190
556
1484
2555
1879
2530
3435
1398
4425
3223
4157
6233
6106
4250
6390
4975
86
5627
1095
3591
9465
8975
1413
1034
8227
6930
6247
4353
6325
6916
781
5478
1811
5284
3667
9570
6110
8615
3315
445
2127
4739
2454
4945
4236
8288
6061
3408
4148
6377
6700
9612
715
1249
1404
3027
2538
6076
4823
6341
4334
6235
1897
5766
4521
6413
7679
6903
1495
191
857
5984
4239
1986
2916
4219
3994
9072
3623
4646
8441
1739
4032
6591
8404
4378
513
3389
4525
7423
9950
8296
5912
2850
8555
8215
7250
3107
1257
126
6830
2402
9295
2522
118
7267
6756
2204
1542
516
1841
6348
4756
5169
9981
1614
1010
299
6078
3869
929
1603
288
4002
6910
4140
7928
8621
5078
4245
1670
9087
6
9928
2120
6604
1837
1806
5355
6725
2532
5675
3286
1291
424
8776
1825
8297
6515
7959
8470
3562
2262
9348
6003
4158
7229
8053
4989
6502
2629
1748
7882
273
4209
2222
4533
9856
2647
6691
4905
5628
4250
3912
7577
1028
4027
9980
6636
5825
4889
2648
8025
4566
1017
2967
266
4076
5590
4290
9945
6815
652
6530
5371
8294
1270
3369
3137
8517
8609
407
866
7114
9655
8343
4347
6933
8578
1711
3864
5587
3678
1230
1458
7687
1266
348
9139
956
2009
9393
6103
1029
1616
1528
8138
4379
990
4231
7473
3639
4804
5759
3149
3140
5297
6347
5748
1193
5670
9110
1377
5172
1008
315
5902
4853
906
6920
3767
1922
332
2909
4334
6768
5142
2144
7737
9393
7517
344
3661
9910
4033
7511
1735
4719
1855
464
4902
6365
5128
1622
8824
4625
7591
6333
391
722
5383
7421
8214
883
5086
5739
1771
5096
8288
7478
2656
9959
9574
4906
6175
8344
1375
2239
7096
8340
8005
3559
8491
7541
7381
8839
9944
6974
8676
2655
1658
2765
8483
5884
5314
2775
6879
29
951
7028
3529
7163
4456
2129
6404
3523
1176
66
5101
2412
65
9755
8512
7617
8583
8292
419
7484
4236
800
7193
457
6189
3234
9229
2796
5019
8751
8721
2726
7507
9812
5547
958
9045
5635
7921
2210
3334
6697
4992
3563
254
9478
249
114
1952
1238
2815
3091
1407
9073
8602
5152
2742
9958
1807
2471
6259
1668
5451
3331
2394
8049
4707
9119
1532
6734
3028
2441
8604
1426
3639
5480
44
8002
6704
9624
8201
7928
9647
6697
5831
8327
1314
2517
296
9234
8896
2766
8440
3232
6092
7524
9603
5799
6469
2565
493
6818
3609
32
3809
2934
5958
8970
6953
6534
9406
340
2166
5443
7558
9004
5632
8822
5054
5255
6405
6448
2465
1518
7547
1196
2184
4396
5825
3375
4388
5690
9411
3031
5095
2617
9378
29
7412
766
5147
9394
2590
2989
6959
4699
5565
7612
1865
6196
7337
8623
6256
1252
1632
862
8692
2210
3274
8892
1865
4364
8022
9678
705
7656
1514
4632
469
2790
6821
2073
8837
7814
2335
6282
3608
9632
806
8222
4680
1224
8261
1771
8589
6381
4091
8390
3673
6722
2088
8321
5137
5560
372
7983
9400
4152
9700
2878
3076
6709
4447
4560
1345
5641
7254
3709
697
9396
1225
7142
9894
6715
4357
8468
7886
1444
5812
3145
9357
1984
9225
2847
1605
492
2124
2470
1412
1478
573
4551
500
8019
869
9603
3027
6347
8708
1081
7545
119
3071
4122
3390
8663
9383
3952
9425
7869
507
6431
63
8351
9834
3893
4159
6131
8543
4754
6495
5697
8103
8293
971
6465
1438
4070
707
3604
1123
7359
9843
4522
5161
507
270
5623
5266
127
6484
8308
4076
1183
130
5279
3205
4274
6286
5403
6036
7453
2865
1057
658
7488
2256
9815
7936
7897
6697
4220
5750
5968
3440
8697
3502
141
206
7235
8502
72
4522
5632
6513
4105
5924
190
2742
1624
8439
1403
5998
9535
3945
9094
4070
4691
2091
4093
8700
1264
5600
1623
7428
8021
927
6457
9310
6579
2295
5249
8872
7584
6101
2648
3699
9892
2569
5968
8159
2056
10
1655
2563
7567
8566
7227
9661
9885
7827
9484
8855
8343
9751
8744
5455
1296
5634
4348
396
6420
5579
8293
6804
3522
277
984
2942
3253
3022
5763
4180
7039
4769
9415
9791
5945
3006
9752
1482
9336
6555
6615
6787
3640
536
6656
4165
4732
1704
3903
5213
2954
3529
1694
1459
9041
6087
5320
1868
3793
7023
4888
6894
7915
1071
6378
5290
2345
2924
4077
3659
4956
3051
74
2108
7142
6134
9745
9561
5138
4987
1375
7047
1017
8795
7310
4229
6906
6670
2144
9863
7464
5952
8082
4369
4457
8977
2330
487
6476
5241
3390
7592
434
196
3403
9114
7320
2338
715
952
2201
682
5634
2747
1646
243
3544
51
5212
6693
2493
4196
7397
7041
5956
8375
3555
1667
3027
3900
7497
2973
6354
9645
3328
8869
8440
6119
6496
1627
7344
9518
2736
9558
8220
7573
5517
6651
5898
5519
986
6653
9354
9481
688
7320
6859
9075
4079
2342
4023
92
5900
7017
3196
362
2547
5647
8940
6475
4834
6647
7604
1146
3233
9056
5134
3306
8449
5397
9070
9030
2346
461
4709
6169
6886
8850
1408
3470
4054
6074
2958
6991
3829
6682
4681
8571
318
8790
6528
7036
6508
3243
1974
4047
7185
5678
9348
2308
9431
682
8702
7228
973
6248
939
9627
607
4726
4553
9925
3994
4280
8113
7369
4338
8729
4063
792
6159
5995
4626
2462
9707
625
9484
5569
347
1197
2996
4090
8941
8059
5343
9325
1236
2355
813
4949
43
6427
8527
1383
1591
2568
9892
9519
6427
2875
7394
6914
2725
3436
6941
5323
6100
4537
3048
8198
5517
659
4121
7352
4625
8954
8730
1676
29
8865
9257
8662
8561
2496
6552
3533
8294
2878
5425
3404
8308
3307
165
3722
8563
5591
5253
4784
4598
1831
3411
2900
1999
2059
8135
2205
1173
3658
5640
7826
4849
4276
4411
3763
9386
6924
8031
1836
4453
6985
8917
5442
6473
9988
2284
6218
4490
877
7697
7631
2795
7226
7265
5562
5962
8254
2765
3183
13
4070
9223
3436
5779
1601
2809
3179
4017
1859
8599
9338
4923
5495
6400
5709
9558
5611
3498
252
4990
6698
4233
173
5035
8044
811
6855
2653
1170
9957
899
4273
2870
9258
4878
9443
6460
504
1089
2266
9178
3525
8707
8595
1298
3441
7295
3519
5378
8553
4573
7426
859
290
8176
5155
7803
9059
4640
8735
612
3226
1120
937
3108
485
4852
6357
2282
5768
2034
1605
484
6627
7504
5003
1262
80
799
8049
2548
5346
9414
6977
5164
9327
950
4934
6393
8243
2227
1885
1597
4054
7021
4828
9711
1777
9237
6122
5788
7347
7188
1968
2546
2981
2686
8581
7050
7402
7255
263
3290
4497
6277
8944
2362
1674
1191
8626
9439
6506
7151
5779
5867
5648
2399
3917
6042
6017
6338
7045
4990
1761
4364
1204
6921
8237
764
8878
3419
6896
8611
8155
8158
7360
6293
8603
8101
7121
5855
2726
6830
823
8340
4656
4758
8040
5138
801
6336
3887
4216
3714
643
5495
5618
6896
4112
2821
4075
3302
6551
42
4104
8967
8352
8588
2902
4367
904
8871
1819
909
4945
3314
4218
2876
6181
310
735
4770
5498
1596
8077
2009
4746
9613
4360
9286
1484
9417
8501
7180
7793
681
854
6900
944
5899
5279
4243
9813
9213
5055
8642
2196
4834
9151
2639
128
383
2001
977
3868
662
8779
2397
1801
4613
4324
4572
6400
9737
4257
73
5921
31
5415
893
6793
81
6998
536
5202
7600
7277
4967
4584
28
3624
534
6037
2634
1655
4259
276
183
4840
3068
1138
1855
1059
7970
5664
75
942
6087
8857
3579
6037
3245
1414
6786
7036
8809
8806
971
6425
8497
5951
3806
9309
4494
151
5422
2219
4329
1302
1739
1253
8355
9150
3100
3330
3251
1174
9156
9691
7450
2714
9433
1515
5885
4039
2216
4097
2291
112
9035
5218
1576
2823
2831
8234
2548
3261
1191
2800
9282
5256
1902
526
3016
3911
4772
4733
1485
7391
777
5874
4253
8761
1746
5786
7116
9414
7764
2144
1111
2635
8355
3871
3610
1102
3267
9877
5641
246
8240
3226
4834
6417
6636
9806
6378
5768
1349
2045
3022
4081
9727
8564
7198
3963
878
1543
2211
6691
2246
4159
1177
6732
2532
6433
5686
1461
8654
5222
6812
6887
2684
4596
8442
4161
785
4016
7681
4208
885
280
541
4361
3146
2308
2102
5941
7375
6238
9942
757
1362
7516
7457
3189
1894
5628
3525
7044
1335
4375
8575
3426
9869
9472
5470
3165
6613
9919
9968
2628
2472
7064
1336
2221
7892
3903
1760
8542
8943
7339
3561
8891
6512
5042
4404
89
5271
9837
8738
6480
5847
2689
5462
4388
2343
7517
8852
143
9560
571
481
1949
8842
3906
613
6957
3423
1559
796
7034
6149
1434
4788
6360
4103
1823
5073
6502
7785
9089
7578
2727
3130
5048
8939
8900
9923
9135
337
3250
8559
8265
5867
892
4261
2429
4736
7019
3907
7271
3070
6869
1709
2646
2548
4232
4074
8550
3660
8013
6046
6895
1184
93
6686
954
6325
21
4585
2930
9500
90
7151
582
3626
7293
2645
3738
2104
9387
2499
6699
3394
2468
5516
4832
6113
4146
1106
8026
7446
6373
3437
5340
7642
9402
6682
9738
6522
935
7016
2638
4648
5285
1490
3629
3201
9919
9688
2851
7183
9536
6913
4522
2444
7080
4592
3966
281
7156
5515
6566
6111
3598
2311
2250
6289
585
4914
5097
1575
5390
243
9315
3519
902
1071
1945
7300
2438
8017
6615
352
7086
2602
5378
8179
7519
4780
6101
3715
44
8991
7210
222
133
5013
1060
1639
1541
5895
7803
7117
7927
7522
5978
7428
9191
7915
5224
1718
9585
3616
8059
4741
2341
9339
8420
2187
4564
9256
4434
6239
2531
9531
3510
3311
4763
9491
1995
728
5843
658
3619
3536
9329
6992
8983
7914
9419
3940
6085
7248
6396
8836
9032
6556
4364
2166
4425
7607
9147
1086
9984
3157
3374
9648
8352
9276
9328
2207
6294
7282
3815
3740
9961
5455
9879
8259
8910
9371
7126
2182
8302
5848
1123
8901
1968
2214
2945
7667
5807
1865
3806
5064
8702
6133
8928
2299
4972
5745
3033
2838
9638
1843
9447
7077
9402
2843
5988
3410
358
3854
2389
7354
2439
5647
5556
8409
5224
8445
5413
9239
4100
162
769
3636
8467
7641
3017
8196
5937
9971
5574
6854
1946
3348
9374
8439
1297
4239
1433
6593
6041
35
2343
7770
6588
8677
8113
9498
6164
7874
7140
7932
6385
8738
6247
3288
9645
6435
9877
4667
6384
7946
6504
741
1182
5658
3788
7845
4858
1489
6296
1273
9984
1344
2726
860
6187
2455
4523
6064
3153
7101
1274
6809
7787
446
4094
7582
8034
8769
7589
4832
8241
2392
9296
582
9486
1919
6670
9189
5808
9833
2012
1031
8430
3401
2849
5116
2035
3428
144
1276
1728
5830
2435
5983
32
420
2451
2072
8725
3558
1195
8401
4918
969
2533
9507
5778
4000
6746
5526
314
4616
7050
8276
8277
2223
5341
9110
2634
1631
5714
7406
1238
5042
5845
9884
1990
7611
2872
5805
9113
9356
8960
1431
6682
8317
6323
5673
2541
7073
4208
1733
2230
4629
8799
2804
9085
1409
4790
3688
7868
7894
9305
4695
5703
726
1900
9502
764
3349
3359
1060
2454
5086
4536
2893
5456
8629
5853
1315
3371
8386
8265
6178
6227
3637
1697
5774
1830
2398
6006
5914
8161
6404
9449
6501
1732
1313
8957
4706
2088
4748
236
5371
311
5089
8427
9927
5442
6853
2779
7431
1395
1435
7417
2219
7597
9935
9685
2522
8574
5263
7962
8961
2691
5723
5798
6620
5734
837
5766
8738
8426
6405
9909
9350
5000
8133
7543
2454
6359
6750
4844
2352
8487
4701
4435
4541
9576
2584
7356
4216
1981
3407
3468
5411
1766
8831
1865
4489
3776
9795
6651
7279
6623
2671
4810
3386
4391
3751
8659
4673
24
4345
54
4995
3997
4237
2328
7124
9483
4706
440
6347
1606
3258
3064
9829
7955
1010
9541
8362
3503
309
4530
9733
5834
4628
3947
6304
7756
4501
5008
5075
7894
9548
9313
9394
4899
2161
2552
5597
7014
3685
8943
5858
7752
6379
6255
9708
1677
6438
12
5436
5023
7141
2783
4679
2610
1995
5852
2471
7220
1777
2370
417
8084
1942
3948
7254
680
1556
359
9839
548
9857
2354
6745
6423
9058
5850
2167
1903
1395
2629
4455
4391
3166
3134
5308
9390
6204
6784
3877
8505
4239
3905
2473
1362
129
4769
1874
9751
9101
1472
3152
8932
6772
5339
1814
6607
3000
8902
7768
9631
1481
902
2097
2452
759
1672
9700
7850
5807
1718
6381
549
6797
3100
1678
7085
694
2070
9223
2908
703
8326
3453
4520
3802
7860
9905
5690
134
1371
8236
8370
9919
4951
6489
6007
5504
9341
2678
7643
6746
3849
206
3964
197
6668
5592
3356
5463
9138
3631
8574
5698
1471
9621
841
809
6188
4605
4560
3903
8455
3437
2914
1446
5134
7494
784
8844
2377
2175
1543
3426
306
6988
3176
8331
11
3310
8690
4219
3903
1080
1437
8433
4151
3709
2435
3013
6776
3108
4913
5161
5642
2698
4750
7430
3297
1674
6964
666
5315
2703
5325
4671
1266
7522
4605
5119
9581
8319
6376
3707
6179
9191
9203
5795
8200
7595
6053
234
6267
7579
4393
6307
4630
5690
1080
1149
4271
4100
9391
3691
3810
7258
1378
1357
8940
559
9500
1835
4251
1841
7213
6055
7275
2210
3526
8037
3572
6527
9224
1737
3605
7511
2788
7218
1908
4490
617
8013
8897
1077
822
9310
279
7665
9358
3875
8909
3956
8814
8560
2632
2439
3726
5624
7277
6037
8908
1445
8837
8550
1970
2843
7793
6240
7825
527
487
5816
4703
2458
1290
8783
9523
2453
2378
9602
9841
6692
2548
9649
7156
698
1192
1865
8492
6770
4039
5648
1278
1021
7991
3217
4163
581
554
5988
130
484
5629
9765
1121
2415
3637
4515
56
3507
127
8159
2671
4241
3421
330
1566
1653
5602
4733
8078
4302
8655
2572
2275
3049
9988
3701
5348
7930
806
2601
8096
2381
5161
3669
334
1111
3865
3851
919
3673
9383
5229
3458
8832
2550
8870
6450
7539
4739
5204
3968
790
6708
6806
4450
9698
6548
8016
8287
4343
7861
2645
3815
8342
8075
3061
8454
8590
3798
2179
9459
9681
1544
1974
2536
3443
9960
2902
5100
1588
8272
1647
4500
6820
7041
9376
1584
5471
2318
3460
726
2933
9550
5482
3955
7137
2568
4023
2268
2130
1247
6794
5226
4482
910
2356
4775
2723
820
8106
3518
8991
5269
2889
1084
5557
1126
6039
6503
4397
8962
7825
16
1101
5323
5160
5196
5590
4211
8449
4990
7789
9920
732
9476
9058
6857
7878
7209
8290
1352
9566
1397
8884
8605
978
6085
9570
1773
1298
1553
1495
1681
4671
7695
9760
9942
1003
6183
5591
3877
7817
6984
5875
8104
4662
8399
8806
61
6229
8486
1693
5337
3865
7877
3598
3361
6133
8413
3853
6842
1197
8938
9001
8529
5691
9678
455
4482
8584
8370
1170
9672
1253
5338
7586
2158
2310
1331
387
7668
2721
1572
6949
5181
7958
9754
6939
9264
2197
9155
2338
5766
2316
7627
5475
7035
4699
4148
9290
4130
1863
8611
9439
1962
8388
7054
3677
7432
2427
6809
1323
6544
9485
3667
6800
1
652
6248
5473
558
6159
8999
1401
7076
9838
5483
1887
5014
2938
9089
9506
8545
3076
5116
8033
3732
2265
1756
6220
7526
9517
9144
2252
8081
6517
1667
7667
2793
354
8515
4204
238
1746
892
3283
9170
3275
4257
5086
7655
1178
5939
5002
7933
8959
2057
6682
7896
7764
4531
8404
418
5540
1043
5134
8389
5312
132
6378
3692
8358
827
1937
8312
6549
6174
5997
567
4507
1833
2065
345
5664
4034
4904
5362
7560
112
5018
4335
6073
6122
2765
9492
7839
3706
4784
2645
6763
3881
8807
5656
1216
8960
5041
6113
9039
639
6016
2022
1536
8494
1092
6053
8768
8714
8379
8955
9999
1120
9916
4646
4411
9185
6827
7004
5742
4343
4021
6722
7644
5589
3301
2778
1586
8695
2506
9499
3646
1017
5685
601
6714
5354
3158
1480
1054
5886
564
5501
3320
3758
6454
8584
324
298
7170
9348
910
5562
1167
1546
8484
7780
3944
7569
7980
4263
1809
9175
6422
8098
7399
8766
9732
3769
5737
158
806
8229
459
9212
3661
6890
2596
2730
4306
7931
6531
1494
176
4737
6938
7351
4093
3618
3321
6142
8021
4976
3399
1898
3548
4875
6252
9875
2423
8730
7755
9555
9554
6519
6394
4018
2184
998
4124
8982
6236
7377
1467
2260
6163
3643
2964
633
5728
1070
7887
5816
4043
8148
5018
8411
4318
8598
8276
9449
119
3212
9682
7158
8841
3386
9434
6828
5900
6664
806
3140
7775
7725
7056
3072
9400
4929
4030
2420
4984
1656
5479
7367
548
5580
4458
6572
227
6378
4046
6823
3798
5282
7105
7843
1975
3541
7950
1134
7273
6257
7408
213
4768
2604
5022
8515
7979
5797
6474
6702
2840
9995
6160
1569
1089
384
5824
5026
7926
5942
555
395
8792
2981
8526
4800
7068
3765
418
3656
2094
5554
3461
3513
4152
5700
6597
4881
9163
4135
9556
7196
4965
4032
1872
7160
2648
5930
4903
9787
4895
8906
6127
2507
9482
8276
9389
5352
1753
6218
5079
6297
7851
4618
8432
7192
2322
3810
1587
4445
528
6652
3802
2532
8438
9137
5273
8458
9238
4422
5354
7265
3098
1715
7844
7834
2158
2232
7020
6902
8723
2330
538
6216
3479
8850
9469
5472
47
9523
1120
1504
3293
2266
2827
2763
2177
9088
4008
7861
4802
2147
5376
5781
581
9702
2263
971
7495
721
2724
8479
4781
6957
2961
4236
5859
5782
908
3073
3233
5603
4846
5318
7302
9302
6659
6450
1371
8375
4288
9755
7971
4499
2465
4038
6817
9921
3893
4692
4474
1985
973
3462
6793
3210
7268
6870
7680
6263
9919
3619
6504
4099
5421
6762
7840
9146
6985
6925
7150
7431
5740
7938
532
3925
2394
7755
7441
5918
4582
1562
5181
9215
5233
7096
748
3329
2349
2103
4514
6264
3744
9805
5961
330
7994
1453
4778
4574
6999
9212
8599
9993
9961
2281
6152
1931
4888
7693
8802
2281
830
198
6016
5494
1654
2616
9685
8678
8372
6095
8774
5676
1825
727
5992
9508
9318
521
8729
2461
867
6399
5891
6145
8550
5839
7274
2098
909
7817
2932
3930
1067
6638
6824
401
1130
4024
7007
3508
5782
8724
6271
3494
6368
5318
1546
9690
4669
6869
3925
4725
1941
3992
9146
5242
3857
7625
5004
7485
2954
7681
4795
4670
705
347
9995
8886
7695
161
2497
2282
403
399
5463
2788
3069
5976
2493
6151
102
4365
5535
2230
6906
1294
9388
5990
1573
4661
237
1223
5478
9112
9254
7696
1760
504
7974
9280
6072
1268
392
2691
1027
7722
6102
5441
4922
1576
5045
812
677
1735
7120
2718
242
9681
620
3776
5788
3716
6909
1094
1807
4487
8140
4907
5517
8203
8565
3909
9104
7759
4141
3215
4328
4406
2503
180
2757
1696
5082
964
2734
8414
6957
2639
7884
2560
845
3121
4065
9358
904
1271
1359
2004
1975
9851
3625
4796
1606
3228
8736
1813
6737
3244
5060
7924
4117
6399
7597
4619
3835
8457
4915
9880
9766
7447
930
654
6342
4234
6063
4237
4746
6608
431
7012
6005
2055
9284
9369
5941
4340
8146
8529
8150
5394
7178
9004
5183
5755
1541
2522
3590
5906
8726
4878
6357
5254
1911
2888
7737
1766
3748
6027
6606
3496
353
6794
7026
9232
2971
8683
2771
7393
2361
9200
7774
5221
2624
7518
6983
3495
1510
1986
4269
8878
4717
1939
6649
7690
7082
5217
4233
6566
2725
9284
4062
430
2141
1371
9922
7852
6998
4698
8477
232
3823
8400
5565
5517
8890
8766
1360
1304
7709
8438
6116
8705
2310
5531
4916
2517
2837
3272
8676
72
4817
2987
6375
6981
6335
4150
7460
8838
6636
4069
3470
4372
668
8651
2756
8826
6149
7307
8865
7015
6850
1691
8647
4885
4167
9154
5965
723
4287
7306
9985
3713
9043
26
6530
7839
8776
3850
3238
1821
5535
5973
2353
686
430
1067
5760
8389
862
7049
8418
8859
5138
910
3042
3595
7824
9514
3988
5901
1318
5835
8406
6747
2370
2971
4978
5084
1458
5308
5781
3391
5627
760
3563
9076
3947
3114
5549
5832
2669
4570
2494
1398
3163
4332
3789
7595
5680
8568
3629
7253
8679
1327
5055
5425
2449
1943
5891
2840
5045
2269
5381
2179
1319
1451
3500
9938
4631
1774
179
7151
2283
7854
6011
6035
9554
286
4405
9024
9646
6930
7077
6905
5481
288
5020
8085
8008
7811
5773
8171
9174
1776
173
3073
8554
7580
605
6014
3377
4329
9012
7286
7725
3043
1825
1975
7916
7929
6996
5041
4607
664
5712
5888
3469
7979
6429
3162
2965
5201
6879
7300
356
4630
4579
3088
4032
7480
7718
1155
5330
9098
8702
5505
2076
8046
3034
6086
5816
5394
8769
5196
44
848
2065
9673
7947
3168
864
1564
5650
5300
4988
1616
4905
7883
1154
3454
8505
2660
698
2309
3157
7765
37
8070
4661
2647
602
1457
5057
9327
962
478
2561
5247
1459
1896
5223
6083
9664
5624
1051
9551
522
3572
3973
9512
8818
1640
5978
5914
2791
4816
5426
3289
2004
2816
913
6937
7737
2229
9983
3270
8208
2969
9557
3772
7375
6676
1552
7113
9225
8805
5201
8988
7620
1141
6800
5468
7365
5806
3347
1603
7342
9170
3907
9863
9652
2961
3128
178
2679
7172
8982
2936
702
8806
9087
7686
6059
3252
7463
7840
5397
6918
4808
2041
219
4471
9713
8692
5608
4162
4511
2398
620
1131
8454
1244
7820
5011
798
7607
1715
5683
1540
7886
5439
412
1087
3032
4020
1068
5341
9472
3047
6666
7217
4986
9868
5470
7678
1205
1247
3679
2479
1931
5085
6444
7753
7985
3799
7322
3445
6122
7858
4329
6846
6475
1333
6573
6923
8720
1464
7236
7942
7870
425
325
5589
9268
8434
9592
8761
2400
7558
7569
4641
3705
6251
4001
1797
1331
6620
7153
7154
3600
6876
4773
1867
5587
1487
8398
9081
742
9530
9410
6059
6944
3158
4775
3970
943
9883
9491
4432
3536
6853
9209
9468
7964
5066
5339
8573
8887
8661
4762
9443
4140
1049
8889
9316
51
2076
7810
3588
6116
6020
2961
1936
3968
2134
9607
5011
1649
8327
8563
5316
1451
6845
7695
6871
900
2999
7698
4126
3266
5023
4771
6728
6573
7857
9085
7466
4607
7228
3415
4031
1441
5294
1880
4782
5438
7617
7079
430
15
6698
6776
7957
6090
9966
9360
7559
4965
1527
3634
9811
8964
1304
3311
6627
7471
2338
8174
603
7317
4397
540
6703
1096
7676
5748
6953
5878
9670
319
2586
6259
4105
1053
3584
3846
5602
3391
7967
4926
7844
7637
847
4978
3336
5557
9007
3841
9147
3198
8627
1352
5954
6251
8160
4342
2537
2996
2863
2674
9682
4058
602
9642
1146
3864
3686
4224
7248
8728
3434
1704
4157
3482
4818
3330
1640
5669
5966
8866
7695
6349
1416
3284
2641
4974
5333
4999
9480
26
6998
7588
8159
3507
3578
1519
5889
9005
3951
2085
3510
3572
6137
3640
3436
7534
7141
483
6017
5464
8830
407
8464
1674
5216
7371
9048
3109
6767
1134
4349
4819
2626
8111
739
9482
5060
7394
9507
3503
1690
1973
1852
1195
5263
5632
5843
3909
9822
4986
2406
7031
768
3184
4660
7291
2487
4754
316
1796
9941
1397
3877
6589
9868
5541
7031
8847
7886
7592
9026
700
4321
2666
1791
9223
5209
3822
7878
8809
8863
3599
1160
8192
3535
5570
4646
3491
1320
8591
8979
6132
7913
1975
6490
9760
13
9962
3444
5535
143
4642
6860
4644
9586
2476
9094
3470
4829
3294
1404
1114
6540
9239
8834
4435
1591
3320
1077
3944
1118
4074
1076
8498
1066
3472
4104
8239
3582
7401
9449
3566
5161
884
6312
5678
5297
7697
3468
4303
614
6241
8035
8529
3315
9734
5830
3845
5410
3370
1091
6767
7637
4276
2102
1370
1354
8544
5092
6307
1901
1473
1848
5749
2331
8167
2072
1372
7935
5679
5284
4392
5481
5609
1372
8128
4063
3303
9373
5624
2001
6045
6645
5741
4588
1660
5216
6608
7387
4804
7243
3912
1295
5877
7639
696
9037
788
2852
7753
8940
5246
758
4962
3157
4369
1711
3176
1347
8388
2719
4168
6066
2572
1036
8513
2156
6478
14
7675
2310
3935
7860
6896
1112
5996
281
8393
954
8709
590
7386
1351
9145
9181
9510
2973
2787
5571
497
2901
1487
1718
9718
46
9616
9777
17
9139
1961
3791
4171
6270
7018
9584
6921
4343
6967
6292
7459
1099
4006
84
9835
6842
5201
9155
9370
3701
110
4974
7339
4938
7788
5989
4174
3303
1785
3487
760
3221
9829
7057
9751
1914
4051
994
2358
8303
4546
3534
9234
9826
8836
2404
3327
2674
1554
301
6195
568
654
1809
3940
9982
206
999
4140
2168
9090
708
2133
723
896
6211
9775
5306
6591
8814
1191
5778
3627
2927
4615
6185
7103
7217
2471
95
2142
3696
4830
8641
259
2887
4579
9932
2374
9551
9122
1951
9034
2445
2307
5351
3380
6856
8073
5446
4995
1272
317
4487
1954
397
6107
3080
6026
9906
2580
7602
292
7314
5525
2078
799
1418
4290
6388
4437
3499
6814
5827
3372
726
6391
7670
2011
8300
4648
1900
241
3083
5088
4658
4152
1489
9127
6106
5137
4153
9435
6572
1139
328
5749
1876
9094
4137
209
517
314
8777
3461
6528
7984
8235
3382
9726
136
1109
8451
4841
8238
812
540
9961
2527
4580
8810
9948
6972
2161
2852
4897
4255
5551
6076
3716
7505
4896
1730
1680
9613
8038
1191
4361
1439
9210
6380
508
3214
987
6045
9930
9324
8510
2516
8294
4672
6066
6138
1517
4571
2559
7549
5358
239
9831
4698
2203
6133
8082
8499
3567
557
5524
7129
274
5397
7621
4049
3182
146
5800
8021
5665
3606
7765
5087
8380
4304
1343
1059
1804
6068
83
4591
1366
4083
4887
4080
574
1272
5867
479
2258
3191
2741
5739
809
1438
3138
4564
2415
940
8491
3391
8096
8402
5116
3991
9368
5322
5557
3389
6695
3749
266
2092
3261
3188
5589
1580
8324
5557
1948
4538
7562
8786
1288
5900
4106
60
7374
6501
4026
2782
4027
3469
6252
8217
1749
4158
2331
7492
3968
3530
1361
7865
3673
7606
4216
6778
1377
3995
1006
5895
2887
7427
6626
3684
1830
6801
9080
4609
8498
946
9763
6673
3566
2282
9151
3235
2788
8061
5776
8278
1595
8866
9180
2389
4033
3076
4419
1240
3412
223
1636
8577
8603
5727
6941
5417
7882
6435
2381
3190
5028
870
1857
5047
463
1293
3353
7572
8538
6605
8889
458
3111
4507
7394
2935
2019
9432
1971
1716
4223
5005
6440
4297
9892
815
9430
7167
198
5746
9273
8486
5383
3436
1457
9463
4175
9225
7389
8588
16
9801
4757
4205
4299
5801
2429
5810
5456
5108
3104
6297
2829
3758
4161
1625
3256
2516
5724
9807
8492
998
9799
620
359
3650
9934
7215
8296
5174
1357
9849
1047
1116
6079
1587
4369
8654
1222
3483
4188
7722
9294
4633
5178
6538
5673
1962
5598
5202
6072
9476
7407
2616
7671
4557
3649
8121
567
7716
8934
8491
7660
7717
527
7187
6011
9990
8144
1130
5864
5577
9105
2568
4304
8114
4026
1938
4023
2247
939
2498
293
3550
7318
4589
355
3971
3308
8446
1741
795
9162
5117
1486
4874
4686
1124
7605
4286
7343
6709
466
7846
8670
2740
9188
1014
2497
1114
9657
8177
2427
9347
702
1668
8295
6108
7779
4405
484
3752
8443
3751
882
8264
7719
7854
6
5097
403
3021
8625
5614
7332
1177
7117
4413
3502
8160
8840
3517
8145
2541
9643
2030
9576
186
9464
9088
6815
4528
5621
3469
8835
5444
5602
4955
6668
4366
292
2195
1248
3091
605
3772
198
218
3101
327
417
8386
6544
7181
2603
9719
688
4623
7085
7518
800
3532
7047
1856
5949
9476
1242
4811
999
2886
7915
8969
495
6394
7624
6084
2406
5930
9486
2150
7690
3149
8702
673
5338
4834
9550
8363
6601
7848
7710
6080
9804
2692
4713
2410
94
6401
4373
6032
6564
5184
5667
9245
6669
5510
150
2298
3307
9849
6079
9498
8249
7061
7236
7449
3612
2622
2961
7908
1431
1414
6609
4123
4159
3593
958
5407
9139
872
832
2733
5495
7208
757
1651
7187
6599
4498
5693
7956
2387
5551
6175
7543
8091
7805
2802
9464
2004
4721
5396
2807
4636
211
3294
2559
1600
2570
7356
2812
6387
3310
6005
8910
6524
5708
244
7493
7543
1841
4940
1482
1199
9627
6453
1068
66
3118
3823
7616
3966
3180
9314
4467
1298
6155
2759
8201
4514
1027
5600
6892
9750
2463
401
7351
4891
9457
6360
7893
5285
5505
3173
3141
6457
504
9964
4389
936
3084
3874
4847
8396
1684
518
4527
3288
4032
3452
247
568
5164
6571
6477
1393
2377
5517
2947
9512
6132
3982
2960
2394
5485
7975
4586
5174
5878
7713
3181
3875
2959
8094
1217
4227
3003
5229
6508
891
7770
5068
2592
4882
2322
1549
3804
8371
4547
8164
7213
9768
2096
3320
5083
564
7920
4820
8592
475
4998
5732
388
8763
9160
1995
2409
1893
8945
5767
6874
9730
8569
5595
8010
6595
2650
3036
2661
5975
662
2250
8406
7428
8982
6590
7510
6375
6356
9968
2115
1094
9669
7445
8054
7288
6936
3102
367
8232
5018
2323
7084
5979
111
5484
7208
7618
2124
7781
3266
3304
1207
6216
5873
1297
811
2307
5815
9821
2486
3980
7212
4078
6887
8114
5016
5582
5136
1789
307
860
8701
9897
5889
8074
5664
3955
1574
1536
3193
1919
8107
575
3366
3373
8038
2721
5279
8849
3503
9748
15
8905
1942
879
7113
805
1233
9332
2190
3466
2499
1716
9150
9485
4140
1871
603
5460
3794
6433
7900
5890
9577
2118
804
4657
4396
2806
1867
1786
1017
1567
4096
7662
802
9576
6577
512
9120
9907
9443
463
2892
9473
615
9510
4309
222
1439
3718
4956
634
561
8934
2513
572
6829
1465
7832
9334
524
6350
2892
9175
4708
7256
4842
6003
4962
9611
6541
3823
77
3133
2729
8305
16
256
7240
1418
5152
418
9070
1154
2885
7992
812
1984
4931
5699
9059
1820
1181
9733
5001
2618
7728
368
1248
1995
8770
7020
7532
4063
6125
9313
4385
9554
2547
7819
6114
2935
1635
6122
3496
6615
2261
4735
3996
7405
1584
9986
355
2953
3292
4575
2388
8101
3620
2347
6246
6905
5816
4389
6786
3097
6273
6550
4724
3486
4307
1218
4943
7348
5300
6063
8764
4566
2721
8666
1701
2381
2771
5621
3797
4614
9861
3287
4411
7714
5524
4470
8997
1445
2288
5662
9424
4023
184
7912
547
8498
5745
2163
4696
4489
7389
2062
4019
4351
8310
882
8348
249
2490
8540
3077
8638
7516
5911
3028
7395
8787
981
77
2718
2718
7452
9013
9728
3661
4842
1428
7170
5531
7965
4307
6504
5343
2460
536
3614
7261
8180
9699
7693
3486
2640
7743
5199
9286
8632
3835
887
5668
3595
972
6557
4815
4319
4019
5576
8504
3724
8001
204
1374
9831
8722
5967
7387
1549
5839
9718
4449
727
9141
9658
4593
83
9426
3702
875
6353
9821
6962
553
2480
3212
2674
9891
1402
6785
2859
9673
4052
4203
1091
7978
9990
5718
8219
4939
1320
7534
3170
7980
237
3659
985
3755
2023
8911
6434
6718
5582
9068
5371
1897
9526
2623
4492
4833
9249
6342
4497
1465
6846
5912
4891
8556
6295
8932
9909
352
3923
3333
6474
3520
3707
7010
1084
3880
329
759
8342
1701
8554
2283
8616
1721
417
6030
1164
5918
7805
3936
7447
4720
5998
5023
5828
9183
3692
9223
3732
3999
4804
3710
8419
6594
7316
2654
8257
4809
9482
5099
9183
3006
9765
6936
7159
6893
6449
3348
8647
4421
3500
8407
66
883
5972
3503
9532
3401
7958
2557
360
1693
6990
9886
7113
2109
7988
9707
517
2807
5585
5191
2699
3067
3099
2507
407
245
5685
778
6790
6947
6612
6298
822
5163
3136
3995
2117
984
5280
9263
375
9224
2674
2575
5998
9289
2783
7047
4445
2189
3632
348
9415
5210
4459
7261
8838
30
677
6179
3138
1399
1620
5806
2701
6510
2445
8869
2476
4924
6891
9246
1212
5310
2757
3139
840
4700
714
3561
3623
1699
2371
6948
4813
2554
2009
1453
410
3713
5453
2966
2063
9210
5479
8243
9212
5172
5401
3231
4902
7405
8589
2063
2175
8949
4345
4890
6846
3993
1375
7091
346
3327
1415
3162
2328
552
2972
9795
3801
8801
6285
9073
5729
5541
6278
8676
4982
7418
6164
2187
8988
5741
716
4906
9191
8511
6281
5285
4867
9417
3638
9066
5388
5764
2291
5834
2500
6736
1245
3849
1606
7413
7340
1735
7277
9956
3410
4332
6883
5695
781
4931
3780
736
2354
1800
7061
9180
2673
2855
1191
9426
7609
1221
359
8746
9241
1728
3749
3126
1633
9500
1239
5992
4050
8454
3756
9850
7957
462
2266
4619
1
350
490
1830
3415
3545
8428
3376
4378
1119
8855
6318
7777
9253
7201
1667
1853
9541
8359
8443
8305
2037
6281
9440
7615
9410
6820
7169
7030
2285
1522
5057
3126
930
4689
8423
4331
5273
2131
3612
1658
2808
752
1263
1547
7306
442
3774
7535
595
2287
1744
266
6389
1488
1717
3086
4361
1138
9069
4202
7908
8143
1194
4879
9417
1540
4210
3412
1908
4709
4080
2540
2393
2942
9454
9387
8640
2305
1292
7119
975
1353
6000
9219
7110
5412
966
8311
1516
3287
542
3028
4700
7312
658
326
2641
7116
1659
5761
3272
3515
6666
2536
6727
1899
8534
1998
9523
6884
8309
9930
2757
4199
1646
3841
4270
7798
8708
8742
2927
7053
8912
2717
2486
3220
2889
8425
1252
8721
7826
305
99
4510
8247
8357
2905
6919
8855
5467
8860
7946
2805
3712
2704
2466
5431
9214
5281
7607
4148
2403
8278
3582
9719
3010
1788
8345
6741
6781
1398
9547
5044
8339
3146
8963
763
3966
5722
6727
433
9321
6745
4218
2455
7062
5247
9721
9978
6685
4279
8977
9923
3957
9057
5818
9062
2525
4735
8220
5236
4248
5078
3407
1101
4498
478
7266
9199
186
4388
2293
2305
3823
1855
9732
8697
8092
2253
5295
9101
7341
4073
3488
4761
55
6401
8242
3921
9269
5062
831
8381
4546
9839
2366
4613
6398
9101
2102
1770
9597
6704
9083
508
1854
7041
9466
4371
3122
9969
2358
8953
8493
136
3565
7618
6106
622
2870
5599
4233
7163
1021
2784
5744
6463
9897
3818
8566
7462
6087
9482
186
4748
7672
7272
2206
2676
4653
3809
9801
9668
8368
994
1590
7577
6852
6398
6514
6253
3363
1245
536
4026
1056
9605
5131
8381
3174
2611
8442
189
888
5319
6356
9869
6279
5036
7384
2431
3011
3317
5330
5329
8020
1668
8817
4813
4298
8681
5855
7781
343
2317
5306
4784
9832
1062
9718
4251
8438
5534
4276
2012
8234
5707
1698
8530
5183
2617
9641
1785
7960
8888
1503
2960
2290
7056
1447
6220
9150
9473
9035
9466
4691
6235
3968
920
1394
5781
7589
1088
9319
9211
2260
739
2814
9169
4816
1527
3842
7362
6429
8098
2340
6320
244
244
9589
4456
1291
6704
9508
2358
1248
7391
7996
4864
1133
4803
2475
7775
2197
893
2772
2623
4948
6015
466
5268
1439
8770
5161
5317
266
9692
9704
9283
1628
5504
2128
9814
6706
1953
3197
269
5072
1437
8230
4768
7528
287
3541
2616
6391
7082
4592
5170
107
1418
854
8006
3692
3259
4620
1900
2278
874
985
9771
9218
515
8532
1473
9265
3251
5590
3541
209
2846
6592
5299
9143
5379
1825
3145
4529
598
4158
1763
7058
9279
690
9896
9111
6438
1187
8094
3537
1521
3322
6144
3625
3144
9012
7454
7726
9573
9393
4815
4691
6311
6249
2887
3574
7188
2407
1503
9950
944
6731
9543
1619
3855
4852
766
5738
8251
3963
9163
5767
2315
1005
5560
3726
3394
8672
820
7808
6537
3494
2440
1157
9966
7507
3607
1115
9351
3319
5919
7120
9489
6471
7553
245
3136
4770
9420
9463
5696
9822
2667
3775
2099
4516
8450
6436
2382
4211
8535
3488
7989
3956
7318
7806
6061
788
5440
55
827
6570
3055
8744
8541
8057
7889
1719
2078
8142
3351
1386
6292
9667
1796
4346
8760
770
4799
9537
8833
8787
348
7180
2184
2437
3421
1227
3940
2557
1769
819
6030
9201
8240
1884
2705
7046
926
2256
4178
3752
6526
3358
3242
4066
1253
3115
2942
3457
9655
6950
2506
8100
1831
900
4112
4537
9015
3329
6615
6970
5223
7921
325
7069
3705
1090
8307
8947
9999
49
9939
5322
1536
2274
8476
6036
1367
7697
9785
6738
6584
6709
3667
9588
5837
8879
5625
9464
6489
1376
6521
9958
8286
9338
183
6011
9323
6857
8558
5581
9555
6042
1562
5088
3650
2033
2202
4513
7621
5820
4618
1067
519
5330
6530
6060
6501
548
8716
7245
3779
4283
1338
8716
3139
5596
9058
3208
3416
8984
7606
5607
1183
4713
6218
1232
4622
7258
8419
9028
6142
872
8495
6879
6393
2546
4285
3430
7530
1105
2857
1382
9643
7099
9035
6948
8852
8519
402
9560
4734
6131
1382
6387
8897
5517
8856
424
9987
4831
6382
8040
4684
8618
9381
8959
542
398
8987
2650
6976
2020
1995
5484
1265
5
3944
2820
3930
1274
8163
8158
5303
9643
9925
4702
167
2759
3285
7436
6661
6441
1096
2566
3373
540
9219
5196
7514
8328
7348
895
7477
7752
7834
4221
910
7311
1351
8280
4603
6347
1981
8565
5572
9571
4474
7682
5528
5786
3349
3428
5842
3118
7494
4000
3229
6906
9775
8315
9038
5803
9353
5213
5886
79
6003
4209
7547
3922
9673
3310
6493
9560
1812
2378
1285
4584
3176
556
1733
8611
2673
4780
7458
5067
6063
482
2940
9653
411
1830
6671
818
9303
1108
8717
2816
7519
5796
7534
7188
5372
2930
9616
1432
400
6381
3224
6584
1111
1577
5835
8581
1350
1856
9047
8153
6893
8137
7184
7281
4751
9983
5050
4781
2977
1859
9084
7076
2197
4605
8874
2325
6995
8288
9253
5041
9379
5826
616
2118
4236
8768
5114
1831
6068
3158
6799
4601
6520
5774
529
4230
5360
1780
3133
5726
3267
547
9033
8401
2573
591
2339
6018
8013
7825
4219
2709
4767
3371
9198
7287
3852
4805
7421
2489
2118
3470
8766
2966
7207
2723
2565
565
1293
3312
6059
5057
7772
7542
4712
4164
8312
8329
8207
2361
7505
7467
3870
1282
957
5544
3059
6839
5555
6868
6118
8397
1355
2208
4452
8526
4008
1252
276
6555
7677
4959
6962
6612
6045
6524
5684
861
3923
8265
7685
8338
4698
4997
7872
6706
5551
9185
4468
6984
6947
8495
7346
2260
6294
2196
2455
7085
3712
7277
6523
989
5545
193
377
3216
6649
1825
7815
4677
2920
521
2667
1434
6320
9637
8918
5232
3215
189
7612
6034
3736
8406
7194
1930
3774
6880
9992
9687
7582
4410
4787
8123
2662
5318
1845
9604
5385
3543
8391
1449
6775
3128
6426
925
2115
3767
3258
8667
2260
4042
5234
9108
7026
9580
9964
7595
8057
9466
3973
4190
6401
36
3619
404
2033
1135
7933
6542
4263
356
1457
90
1124
4800
8900
2080
1478
566
371
154
1223
2889
1465
7223
9314
5076
716
7064
3556
8274
3774
3965
7890
6797
2687
4384
7307
6346
4516
7756
2103
986
409
2717
909
5128
863
902
9738
5044
5271
8289
2749
6892
1210
6670
816
4858
3395
5377
3591
9136
9501
5316
2018
9088
8748
4210
7987
689
9114
8046
6927
650
9407
6204
6502
7725
2865
728
9053
2854
8561
4331
6081
2693
56
9378
5417
8610
9696
9202
5388
6503
4577
1831
7668
6885
9236
8148
8475
2764
9846
8821
9497
3972
9707
7371
8718
8400
4143
2312
7636
5048
1453
1122
8509
9002
742
4092
5585
9252
9261
302
1067
3681
5434
7015
2523
4878
6351
6439
7623
5860
4191
9412
9697
6904
526
4832
3470
991
1154
2426
127
3438
220
8933
1096
6863
6789
8694
9779
9400
1260
1642
2760
9260
8234
9304
1180
6438
2913
8347
3546
7972
5399
2623
3879
1582
9984
8645
9271
7340
5922
5620
7491
530
8531
5371
8291
1681
6372
1939
5188
7009
5778
8181
5868
5046
4507
6993
4394
987
4335
1443
1626
3303
1724
7747
4868
9791
8209
2394
8083
3143
9708
4067
3084
795
8935
8108
9665
6477
5859
9055
6376
9525
2326
5361
4424
7802
3082
6811
8310
3773
5887
892
4061
3031
3364
7737
1011
6282
1461
4661
6794
409
518
6152
6036
92
5219
4721
8890
9181
733
5871
9641
4214
4478
6548
9952
8582
3439
4705
79
8303
8853
8860
8310
3571
9306
27
7119
4558
219
1194
2899
9227
2235
3458
7075
6624
6926
1776
6317
8855
1443
5021
8287
266
8561
665
35
3105
216
3182
601
7609
2179
8468
4936
8631
6129
3727
9518
7307
8972
6373
5371
7150
2563
7873
3579
7718
818
4878
4588
6650
4335
8243
7700
4147
7104
1493
4927
4384
5758
7107
1597
3155
9439
4264
1257
270
9651
2510
8115
5482
4793
9403
5976
8118
8117
2824
7215
8250
1094
9609
6625
3933
9538
922
1955
9191
8188
5526
7806
2149
9231
7276
3163
2183
3989
6938
756
1685
5911
7529
9845
132
671
2939
2404
1445
9386
2398
8093
8124
452
1914
8483
1646
2101
4738
9182
5101
909
6773
8690
6640
4158
9736
1047
6436
5000
6807
7105
6567
1848
6281
4963
7111
8832
1924
4566
3945
8144
9148
6165
5004
9567
6982
6903
891
1185
6879
8692
9470
5135
2481
6091
7432
4301
5383
6847
729
2898
9828
4602
2237
3014
5265
5679
8986
2776
7968
914
6979
8378
2687
6431
1598
8321
904
3715
6112
9976
6521
5396
3546
4420
8691
9756
7370
57
3876
4978
4376
8628
7681
7924
9746
9438
4274
6525
6316
3230
555
1304
1742
2734
1646
4551
2781
2784
5777
7245
7520
3865
4375
4282
8256
7141
2885
8345
4443
5132
5620
5446
4241
110
3795
5464
1905
8116
8623
596
4476
9587
540
7214
1985
2121
673
4332
4107
5676
7575
8184
5699
693
460
4752
2770
1670
568
4543
9692
3404
1711
898
8899
3416
3505
8515
7887
3534
3081
5520
8117
7207
1880
3791
404
6983
695
7868
5473
9376
5643
3631
9797
8680
3671
8730
7969
3924
2363
2144
8450
3547
7631
5670
2553
9006
5423
1179
2015
3464
9779
2906
6241
5083
2885
8395
2905
4263
7687
6689
6880
5033
3172
2780
185
8850
6973
6232
4038
9470
471
8976
1934
7344
3084
3744
3759
9250
3417
8807
9722
3585
9134
2458
1314
4049
8477
173
2361
6947
1976
5715
3531
9775
4997
1627
8566
3119
469
1260
9182
5912
4989
367
6541
7697
9903
6237
5528
6526
3757
3376
3526
9693
4435
4400
4730
6719
8868
9019
6814
7428
7677
9086
6979
6885
2250
1636
9498
5673
217
5231
3252
9265
3758
9641
5171
4795
5953
8784
2784
9986
6456
3028
7883
1962
998
3049
4519
8743
9636
9070
6827
6265
7485
8104
3911
2232
6187
9405
9941
5540
6327
131
9898
9570
3761
1053
2360
6298
6748
377
9153
7675
1158
3043
2084
9872
920
2809
2975
2649
8125
6916
3425
5
2290
8872
6469
2528
4666
1046
6539
2171
4820
8013
502
2980
5263
7836
4269
5973
3707
539
2278
9153
5105
6888
3938
1132
4975
7071
3310
2950
4430
3467
1598
9448
7868
4711
6438
3280
5069
2507
7662
7450
122
35
2620
3709
4660
2341
4648
9983
9025
2588
8301
4867
8162
1967
7519
4583
1677
1876
2757
2005
543
9794
4124
5990
771
1520
5154
6199
3050
9838
6982
5428
4640
7255
5409
2740
3132
5716
3264
792
9341
8334
2147
904
1254
2533
5232
4802
1932
2770
7535
5546
7958
7163
8358
7501
8159
3387
1742
3606
1551
1710
1312
3525
6334
8582
365
1461
4187
49
2057
437
2018
2617
3319
4715
7008
6757
8539
3360
7862
2739
5581
8579
7587
2587
4410
2542
771
547
5361
2940
4746
100
940
9544
4959
6628
8148
6915
9038
9907
1865
9805
6361
7137
6922
2729
764
1977
5517
7720
1042
7649
6949
6110
5622
592
5024
2021
7704
2696
2215
4958
7264
5398
9227
6976
6031
524
9808
5575
9471
6310
7587
133
2088
6146
3266
4125
9114
8633
8812
2028
4440
6941
6948
8261
5295
7762
5325
198
7035
9870
6743
8046
9821
9420
5638
1255
8334
3642
1949
2322
7593
7221
2890
5642
943
823
5254
4084
1108
6454
5369
4049
6927
1494
33
1978
2861
3181
8618
8811
1184
825
7865
9287
5742
6384
4500
5994
4229
5685
8646
481
330
1538
8911
4994
8693
5436
302
2181
943
4667
6400
22
3625
5057
3631
2946
2629
6096
1987
6056
4259
9639
4613
8692
3308
3719
6265
9547
3923
4624
1345
9779
5748
5246
4783
7980
7956
9319
8650
8159
7767
5350
5539
1899
1151
3352
5229
8736
1127
7918
2748
5420
868
9539
6583
5942
1963
3315
286
9561
1920
1229
8889
8870
607
9992
7954
1118
8269
230
7891
3107
6036
1763
4779
4894
3203
2102
7733
5941
6908
6500
7193
2804
171
6384
644
9878
7175
3756
7811
8532
1328
4082
1657
1107
5495
2829
4974
9362
1460
8215
5832
568
7232
1855
7406
5161
962
7487
4375
980
9223
211
6099
8263
3033
9154
6949
4644
4910
451
5280
9250
8974
5074
8967
6032
4090
7689
8365
2940
6579
2019
8315
2654
1065
8136
8237
9198
4090
6457
1246
8948
4702
935
7761
1931
3998
246
8134
520
394
7819
4986
6202
6240
890
2150
1661
6381
3538
3815
1503
7735
229
6607
4627
9529
1038
4068
6855
6907
157
5166
2419
2987
2444
8271
9429
3310
485
4824
4545
8071
8897
6330
323
2525
8215
8128
327
4679
6200
2814
7624
3182
8622
1710
5435
2898
3482
827
3451
6801
8613
1719
5933
2471
1074
6622
2850
8710
6661
1770
3465
3528
3957
7625
9977
4467
2185
7158
1612
6411
1432
7179
4347
8859
9089
2808
4866
9491
4139
977
1673
6900
2777
5850
2686
6465
4056
5950
3948
6784
1110
7901
1610
4008
5727
4456
2938
4254
9416
7594
6054
8711
7235
9464
2910
5850
9099
5021
4958
7931
1219
6135
9083
1588
2620
6823
3215
6153
868
3373
838
1732
7932
8196
9838
7508
7083
4838
8046
3884
7844
1884
31
8471
2697
4543
7093
7329
8362
4028
7519
7920
8023
2187
8744
8828
7284
3727
3780
1782
7008
587
8241
749
3575
1488
9978
9117
3974
6129
3203
5108
1432
7032
5140
9030
4874
6226
2942
3443
2757
1260
866
4250
8333
1876
8865
756
4292
7160
5525
2895
4492
1537
6517
5149
2196
3671
8104
9435
3178
5838
3453
8652
5565
6640
6572
5136
3575
643
5323
6508
9367
9043
1702
5978
7817
7190
3148
6796
3840
8288
1020
9461
4900
7971
5137
7170
9906
1954
9696
4007
867
6671
233
48
6726
3147
5510
5372
3175
7114
3223
1741
1411
6806
2286
4206
3889
621
192
3552
2354
6711
6621
3749
9693
2693
2173
7043
1059
8722
5039
4565
7492
4616
9782
6097
253
3594
7502
913
8366
7377
2894
4386
9640
28
1103
4402
6084
7128
9900
746
8077
6484
4088
7113
4135
2503
3678
7731
6797
7093
7277
8682
1661
1786
5344
2317
3226
4637
8476
9787
5144
3320
9534
1
6506
9213
546
4768
9098
5050
2030
1504
4880
8342
6184
5208
7305
3097
3189
4929
1642
5322
9336
1243
1514
3065
7826
4070
2838
9840
9841
6029
5030
9241
8971
2097
1601
6492
6561
3413
4334
2229
8827
9099
2178
6042
6798
1245
7285
3458
133
8260
9958
7717
8113
1021
6734
256
5627
4400
7296
8340
6619
8480
6766
1580
5021
6918
3372
3680
3990
2793
1606
4204
3681
2079
9003
1626
4449
1461
9021
9458
2296
9099
2122
7885
5394
8783
5383
564
6864
8816
5556
2294
3156
7312
8274
3908
2645
611
6289
4280
3501
6613
3669
7824
517
7015
5219
6265
2272
5455
8507
3864
585
2998
3037
9180
3504
3287
6703
8092
5216
7907
5712
406
1237
5963
2768
5674
8450
7915
1147
3134
4000
1832
5703
4492
909
7124
3580
9447
9004
6249
4313
4550
2890
680
6487
429
3534
374
3603
2625
8205
3579
118
3956
4908
9354
3451
134
2969
6175
4524
9573
9606
2149
288
7289
3279
2520
6965
3538
6396
4432
2538
8327
5224
9960
5986
9747
5988
2329
9162
6354
5973
3244
4516
3755
3343
7749
2928
9905
8117
5786
3555
5562
6937
4269
1094
7117
21
6541
1718
2197
5051
9831
7871
3710
6051
637
9555
8588
9055
6885
2887
9890
8475
915
7646
3907
4693
6198
8150
7814
6852
6213
3252
4738
3765